,length,diameter,height,whole_weight,shucked_weight,viscera_weight,shell_weight,rings
length,1.0,0.9897,0.9161,0.9314,0.9096,0.9131,0.9111,0.6238
diameter,0.9897,1.0,0.9196,0.9338,0.9085,0.9147,0.9179,0.6368
height,0.9161,0.9196,1.0,0.9023,0.8618,0.8861,0.904,0.6658
whole_weight,0.9314,0.9338,0.9023,1.0,0.9712,0.9743,0.9642,0.6173
shucked_weight,0.9096,0.9085,0.8618,0.9712,1.0,0.9492,0.9118,0.5151
viscera_weight,0.9131,0.9147,0.8861,0.9743,0.9492,1.0,0.9371,0.589
shell_weight,0.9111,0.9179,0.904,0.9642,0.9118,0.9371,1.0,0.6948
rings,0.6238,0.6368,0.6658,0.6173,0.5151,0.589,0.6948,1.0
